rs                       \eta                     K                        f_r                      f_p                      AUC                      AUPR                                                                                                                                               
5.999999999999999778e-01 5.000000000000000000e-01 3.000000000000000000e+00 3.000000000000000000e+02 3.000000000000000000e+02 9.532770242265120597e-01 5.702526017422366866e-01
5.999999999999999778e-01 5.000000000000000000e-01 5.000000000000000000e+00 3.000000000000000000e+02 3.000000000000000000e+02 9.548020593648433030e-01 5.801880143424077430e-01
5.999999999999999778e-01 5.000000000000000000e-01 1.000000000000000000e+01 3.000000000000000000e+02 3.000000000000000000e+02 9.541503344038717582e-01 5.749569215594568794e-01
5.999999999999999778e-01 5.999999999999999778e-01 3.000000000000000000e+00 3.000000000000000000e+02 3.000000000000000000e+02 9.527682184005208388e-01 5.726797035050961160e-01
5.999999999999999778e-01 5.999999999999999778e-01 5.000000000000000000e+00 3.000000000000000000e+02 3.000000000000000000e+02 9.549875269175047698e-01 5.855517540640310381e-01
5.999999999999999778e-01 5.999999999999999778e-01 1.000000000000000000e+01 3.000000000000000000e+02 3.000000000000000000e+02 9.550824474104665507e-01 5.852197227384381417e-01
5.999999999999999778e-01 6.999999999999999556e-01 3.000000000000000000e+00 3.000000000000000000e+02 3.000000000000000000e+02 9.514044646364887559e-01 5.737195347433072801e-01
5.999999999999999778e-01 6.999999999999999556e-01 5.000000000000000000e+00 3.000000000000000000e+02 3.000000000000000000e+02 9.540053090161326743e-01 5.939582917223635850e-01
5.999999999999999778e-01 6.999999999999999556e-01 1.000000000000000000e+01 3.000000000000000000e+02 3.000000000000000000e+02 9.556755094499701508e-01 5.942014090804316195e-01
6.999999999999999556e-01 5.000000000000000000e-01 3.000000000000000000e+00 3.000000000000000000e+02 3.000000000000000000e+02 9.528552048074492298e-01 5.694372470626284377e-01
6.999999999999999556e-01 5.000000000000000000e-01 5.000000000000000000e+00 3.000000000000000000e+02 3.000000000000000000e+02 9.548225836553144719e-01 5.797828666125769415e-01
6.999999999999999556e-01 5.000000000000000000e-01 1.000000000000000000e+01 3.000000000000000000e+02 3.000000000000000000e+02 9.544672754740619602e-01 5.749112633162845043e-01
6.999999999999999556e-01 5.999999999999999778e-01 3.000000000000000000e+00 3.000000000000000000e+02 3.000000000000000000e+02 9.517092707992511613e-01 5.705354108766127474e-01
6.999999999999999556e-01 5.999999999999999778e-01 5.000000000000000000e+00 3.000000000000000000e+02 3.000000000000000000e+02 9.545534333998337839e-01 5.847749745339121397e-01
6.999999999999999556e-01 5.999999999999999778e-01 1.000000000000000000e+01 3.000000000000000000e+02 3.000000000000000000e+02 9.554051090898930676e-01 5.856680230276298804e-01
6.999999999999999556e-01 6.999999999999999556e-01 3.000000000000000000e+00 3.000000000000000000e+02 3.000000000000000000e+02 9.508926327538600454e-01 5.698524562974354168e-01
6.999999999999999556e-01 6.999999999999999556e-01 5.000000000000000000e+00 3.000000000000000000e+02 3.000000000000000000e+02 9.535051803699524653e-01 5.943752787288593131e-01
6.999999999999999556e-01 6.999999999999999556e-01 1.000000000000000000e+01 3.000000000000000000e+02 3.000000000000000000e+02 9.558105389998421408e-01 5.928570887996313932e-01
8.000000000000000444e-01 5.000000000000000000e-01 3.000000000000000000e+00 3.000000000000000000e+02 3.000000000000000000e+02 9.519339272483610115e-01 5.655872939794023280e-01
8.000000000000000444e-01 5.000000000000000000e-01 5.000000000000000000e+00 3.000000000000000000e+02 3.000000000000000000e+02 9.550258528242212552e-01 5.792043832057068853e-01
8.000000000000000444e-01 5.000000000000000000e-01 1.000000000000000000e+01 3.000000000000000000e+02 3.000000000000000000e+02 9.546492803691244422e-01 5.750358308276746211e-01
8.000000000000000444e-01 5.999999999999999778e-01 3.000000000000000000e+00 3.000000000000000000e+02 3.000000000000000000e+02 9.513263419091098072e-01 5.672215289780998537e-01
8.000000000000000444e-01 5.999999999999999778e-01 5.000000000000000000e+00 3.000000000000000000e+02 3.000000000000000000e+02 9.542352804367629782e-01 5.846079902547991480e-01
8.000000000000000444e-01 5.999999999999999778e-01 1.000000000000000000e+01 3.000000000000000000e+02 3.000000000000000000e+02 9.557802224986284845e-01 5.859864501005324078e-01
8.000000000000000444e-01 6.999999999999999556e-01 3.000000000000000000e+00 3.000000000000000000e+02 3.000000000000000000e+02 9.495813608651072490e-01 5.688388659331330421e-01
8.000000000000000444e-01 6.999999999999999556e-01 5.000000000000000000e+00 3.000000000000000000e+02 3.000000000000000000e+02 9.531103786071208894e-01 5.936696846136684247e-01
8.000000000000000444e-01 6.999999999999999556e-01 1.000000000000000000e+01 3.000000000000000000e+02 3.000000000000000000e+02 9.561189056919279228e-01 5.928143249283115424e-01
5.999999999999999778e-01 5.000000000000000000e-01 3.000000000000000000e+00 3.000000000000000000e+02 5.000000000000000000e+02 9.535615941457841194e-01 5.718457958356277793e-01
5.999999999999999778e-01 5.000000000000000000e-01 5.000000000000000000e+00 3.000000000000000000e+02 5.000000000000000000e+02 9.550987831012122120e-01 5.798861677241468060e-01
5.999999999999999778e-01 5.000000000000000000e-01 1.000000000000000000e+01 3.000000000000000000e+02 5.000000000000000000e+02 9.544334568462107260e-01 5.736260461276565525e-01
5.999999999999999778e-01 5.999999999999999778e-01 3.000000000000000000e+00 3.000000000000000000e+02 5.000000000000000000e+02 9.526980579899329005e-01 5.740445227651899129e-01
5.999999999999999778e-01 5.999999999999999778e-01 5.000000000000000000e+00 3.000000000000000000e+02 5.000000000000000000e+02 9.552308524930183120e-01 5.852942938708689535e-01
5.999999999999999778e-01 5.999999999999999778e-01 1.000000000000000000e+01 3.000000000000000000e+02 5.000000000000000000e+02 9.553275992962991792e-01 5.841996034613480271e-01
5.999999999999999778e-01 6.999999999999999556e-01 3.000000000000000000e+00 3.000000000000000000e+02 5.000000000000000000e+02 9.512336385501715119e-01 5.749445179968434294e-01
5.999999999999999778e-01 6.999999999999999556e-01 5.000000000000000000e+00 3.000000000000000000e+02 5.000000000000000000e+02 9.544339154175165429e-01 5.913950592690313535e-01
5.999999999999999778e-01 6.999999999999999556e-01 1.000000000000000000e+01 3.000000000000000000e+02 5.000000000000000000e+02 9.558393185046556439e-01 5.928328539484722937e-01
6.999999999999999556e-01 5.000000000000000000e-01 3.000000000000000000e+00 3.000000000000000000e+02 5.000000000000000000e+02 9.530738874347649547e-01 5.707317650767076422e-01
6.999999999999999556e-01 5.000000000000000000e-01 5.000000000000000000e+00 3.000000000000000000e+02 5.000000000000000000e+02 9.552732480364511947e-01 5.806398660092854103e-01
6.999999999999999556e-01 5.000000000000000000e-01 1.000000000000000000e+01 3.000000000000000000e+02 5.000000000000000000e+02 9.546667671318660453e-01 5.732389534263174768e-01
6.999999999999999556e-01 5.999999999999999778e-01 3.000000000000000000e+00 3.000000000000000000e+02 5.000000000000000000e+02 9.514261739304061827e-01 5.714624013397568980e-01
6.999999999999999556e-01 5.999999999999999778e-01 5.000000000000000000e+00 3.000000000000000000e+02 5.000000000000000000e+02 9.550391682616953259e-01 5.852948682393742663e-01
6.999999999999999556e-01 5.999999999999999778e-01 1.000000000000000000e+01 3.000000000000000000e+02 5.000000000000000000e+02 9.556071001726230696e-01 5.841526045647793541e-01
6.999999999999999556e-01 6.999999999999999556e-01 3.000000000000000000e+00 3.000000000000000000e+02 5.000000000000000000e+02 9.501695918707152577e-01 5.717165895365308170e-01
6.999999999999999556e-01 6.999999999999999556e-01 5.000000000000000000e+00 3.000000000000000000e+02 5.000000000000000000e+02 9.541148682647002666e-01 5.923157721915981444e-01
6.999999999999999556e-01 6.999999999999999556e-01 1.000000000000000000e+01 3.000000000000000000e+02 5.000000000000000000e+02 9.561181693319920072e-01 5.921008488246795043e-01
8.000000000000000444e-01 5.000000000000000000e-01 3.000000000000000000e+00 3.000000000000000000e+02 5.000000000000000000e+02 9.520846030924221548e-01 5.680412346133968393e-01
8.000000000000000444e-01 5.000000000000000000e-01 5.000000000000000000e+00 3.000000000000000000e+02 5.000000000000000000e+02 9.554555719984511031e-01 5.812842420272008592e-01
8.000000000000000444e-01 5.000000000000000000e-01 1.000000000000000000e+01 3.000000000000000000e+02 5.000000000000000000e+02 9.547775651148493470e-01 5.740340355615548562e-01
8.000000000000000444e-01 5.999999999999999778e-01 3.000000000000000000e+00 3.000000000000000000e+02 5.000000000000000000e+02 9.504311469746065111e-01 5.694549627231124678e-01
8.000000000000000444e-01 5.999999999999999778e-01 5.000000000000000000e+00 3.000000000000000000e+02 5.000000000000000000e+02 9.548645072759146535e-01 5.848988679800461998e-01
8.000000000000000444e-01 5.999999999999999778e-01 1.000000000000000000e+01 3.000000000000000000e+02 5.000000000000000000e+02 9.559145971071070225e-01 5.843870090622726998e-01
8.000000000000000444e-01 6.999999999999999556e-01 3.000000000000000000e+00 3.000000000000000000e+02 5.000000000000000000e+02 9.491221392023936332e-01 5.714981128939236044e-01
8.000000000000000444e-01 6.999999999999999556e-01 5.000000000000000000e+00 3.000000000000000000e+02 5.000000000000000000e+02 9.533123483951311261e-01 5.896788266130164047e-01
8.000000000000000444e-01 6.999999999999999556e-01 1.000000000000000000e+01 3.000000000000000000e+02 5.000000000000000000e+02 9.564357321647384280e-01 5.924061858072368070e-01
5.999999999999999778e-01 5.000000000000000000e-01 3.000000000000000000e+00 3.000000000000000000e+02 7.000000000000000000e+02 9.529132569534730646e-01 5.725495799850419676e-01
5.999999999999999778e-01 5.000000000000000000e-01 5.000000000000000000e+00 3.000000000000000000e+02 7.000000000000000000e+02 9.546886806668180014e-01 5.786350928446053477e-01
5.999999999999999778e-01 5.000000000000000000e-01 1.000000000000000000e+01 3.000000000000000000e+02 7.000000000000000000e+02 9.540850293286551320e-01 5.746857983020779992e-01
5.999999999999999778e-01 5.999999999999999778e-01 3.000000000000000000e+00 3.000000000000000000e+02 7.000000000000000000e+02 9.519196793895827735e-01 5.749009584460884614e-01
5.999999999999999778e-01 5.999999999999999778e-01 5.000000000000000000e+00 3.000000000000000000e+02 7.000000000000000000e+02 9.546728358024842986e-01 5.843459569681430654e-01
5.999999999999999778e-01 5.999999999999999778e-01 1.000000000000000000e+01 3.000000000000000000e+02 7.000000000000000000e+02 9.551127607632829974e-01 5.846127237927485343e-01
5.999999999999999778e-01 6.999999999999999556e-01 3.000000000000000000e+00 3.000000000000000000e+02 7.000000000000000000e+02 9.503685252000491079e-01 5.746878648749754737e-01
5.999999999999999778e-01 6.999999999999999556e-01 5.000000000000000000e+00 3.000000000000000000e+02 7.000000000000000000e+02 9.543653523471149480e-01 5.933612622171472450e-01
5.999999999999999778e-01 6.999999999999999556e-01 1.000000000000000000e+01 3.000000000000000000e+02 7.000000000000000000e+02 9.555835903666261011e-01 5.946300326774541789e-01
6.999999999999999556e-01 5.000000000000000000e-01 3.000000000000000000e+00 3.000000000000000000e+02 7.000000000000000000e+02 9.521710361299691172e-01 5.714335623031638889e-01
6.999999999999999556e-01 5.000000000000000000e-01 5.000000000000000000e+00 3.000000000000000000e+02 7.000000000000000000e+02 9.546747518378684294e-01 5.796000334633921725e-01
6.999999999999999556e-01 5.000000000000000000e-01 1.000000000000000000e+01 3.000000000000000000e+02 7.000000000000000000e+02 9.543084378649031585e-01 5.743388872736251427e-01
6.999999999999999556e-01 5.999999999999999778e-01 3.000000000000000000e+00 3.000000000000000000e+02 7.000000000000000000e+02 9.505770988452396653e-01 5.729500195246939320e-01
6.999999999999999556e-01 5.999999999999999778e-01 5.000000000000000000e+00 3.000000000000000000e+02 7.000000000000000000e+02 9.544064495057992259e-01 5.844595801082107522e-01
6.999999999999999556e-01 5.999999999999999778e-01 1.000000000000000000e+01 3.000000000000000000e+02 7.000000000000000000e+02 9.553745803381834545e-01 5.854264886866908935e-01
6.999999999999999556e-01 6.999999999999999556e-01 3.000000000000000000e+00 3.000000000000000000e+02 7.000000000000000000e+02 9.492919704527985614e-01 5.731683033229122426e-01
6.999999999999999556e-01 6.999999999999999556e-01 5.000000000000000000e+00 3.000000000000000000e+02 7.000000000000000000e+02 9.538443473552509211e-01 5.956136065809551905e-01
6.999999999999999556e-01 6.999999999999999556e-01 1.000000000000000000e+01 3.000000000000000000e+02 7.000000000000000000e+02 9.557570879253030061e-01 5.940342869339920728e-01
8.000000000000000444e-01 5.000000000000000000e-01 3.000000000000000000e+00 3.000000000000000000e+02 7.000000000000000000e+02 9.509574359900012652e-01 5.677093767930512236e-01
8.000000000000000444e-01 5.000000000000000000e-01 5.000000000000000000e+00 3.000000000000000000e+02 7.000000000000000000e+02 9.547851737879863299e-01 5.801111680873991538e-01
8.000000000000000444e-01 5.000000000000000000e-01 1.000000000000000000e+01 3.000000000000000000e+02 7.000000000000000000e+02 9.545093025465798409e-01 5.752680974967600003e-01
8.000000000000000444e-01 5.999999999999999778e-01 3.000000000000000000e+00 3.000000000000000000e+02 7.000000000000000000e+02 9.495988272864369639e-01 5.703282783139537182e-01
8.000000000000000444e-01 5.999999999999999778e-01 5.000000000000000000e+00 3.000000000000000000e+02 7.000000000000000000e+02 9.542953154693728512e-01 5.874846902942357785e-01
8.000000000000000444e-01 5.999999999999999778e-01 1.000000000000000000e+01 3.000000000000000000e+02 7.000000000000000000e+02 9.557087671081267999e-01 5.863446827833882491e-01
8.000000000000000444e-01 6.999999999999999556e-01 3.000000000000000000e+00 3.000000000000000000e+02 7.000000000000000000e+02 9.478141559637695002e-01 5.725642721169288407e-01
8.000000000000000444e-01 6.999999999999999556e-01 5.000000000000000000e+00 3.000000000000000000e+02 7.000000000000000000e+02 9.529891758416914049e-01 5.933576895327868916e-01
8.000000000000000444e-01 6.999999999999999556e-01 1.000000000000000000e+01 3.000000000000000000e+02 7.000000000000000000e+02 9.559085481034970133e-01 5.927947714123539269e-01
5.999999999999999778e-01 5.000000000000000000e-01 3.000000000000000000e+00 5.000000000000000000e+02 3.000000000000000000e+02 9.544123399677966191e-01 5.658192293445578613e-01
5.999999999999999778e-01 5.000000000000000000e-01 5.000000000000000000e+00 5.000000000000000000e+02 3.000000000000000000e+02 9.560327467316799277e-01 5.791642566029643335e-01
5.999999999999999778e-01 5.000000000000000000e-01 1.000000000000000000e+01 5.000000000000000000e+02 3.000000000000000000e+02 9.550578331645791508e-01 5.794949029986625755e-01
5.999999999999999778e-01 5.999999999999999778e-01 3.000000000000000000e+00 5.000000000000000000e+02 3.000000000000000000e+02 9.534363157828208424e-01 5.705936372680500135e-01
5.999999999999999778e-01 5.999999999999999778e-01 5.000000000000000000e+00 5.000000000000000000e+02 3.000000000000000000e+02 9.563710391440094494e-01 5.844037056317910039e-01
5.999999999999999778e-01 5.999999999999999778e-01 1.000000000000000000e+01 5.000000000000000000e+02 3.000000000000000000e+02 9.561552502027002021e-01 5.917453657047290205e-01
5.999999999999999778e-01 6.999999999999999556e-01 3.000000000000000000e+00 5.000000000000000000e+02 3.000000000000000000e+02 9.521244156011918758e-01 5.737155834204634708e-01
5.999999999999999778e-01 6.999999999999999556e-01 5.000000000000000000e+00 5.000000000000000000e+02 3.000000000000000000e+02 9.558188205164754869e-01 5.909914656954068368e-01
5.999999999999999778e-01 6.999999999999999556e-01 1.000000000000000000e+01 5.000000000000000000e+02 3.000000000000000000e+02 9.569650641470673902e-01 5.966290939880297683e-01
6.999999999999999556e-01 5.000000000000000000e-01 3.000000000000000000e+00 5.000000000000000000e+02 3.000000000000000000e+02 9.535400640618685308e-01 5.643997281255498377e-01
6.999999999999999556e-01 5.000000000000000000e-01 5.000000000000000000e+00 5.000000000000000000e+02 3.000000000000000000e+02 9.562064787188284676e-01 5.775538501237302835e-01
6.999999999999999556e-01 5.000000000000000000e-01 1.000000000000000000e+01 5.000000000000000000e+02 3.000000000000000000e+02 9.553512842797153848e-01 5.787033626475013293e-01
6.999999999999999556e-01 5.999999999999999778e-01 3.000000000000000000e+00 5.000000000000000000e+02 3.000000000000000000e+02 9.523233944684752483e-01 5.683031603740482662e-01
6.999999999999999556e-01 5.999999999999999778e-01 5.000000000000000000e+00 5.000000000000000000e+02 3.000000000000000000e+02 9.561895555127829516e-01 5.842782415601159851e-01
6.999999999999999556e-01 5.999999999999999778e-01 1.000000000000000000e+01 5.000000000000000000e+02 3.000000000000000000e+02 9.565759979482697517e-01 5.924325947787415503e-01
6.999999999999999556e-01 6.999999999999999556e-01 3.000000000000000000e+00 5.000000000000000000e+02 3.000000000000000000e+02 9.513193324406585827e-01 5.685318146057004585e-01
6.999999999999999556e-01 6.999999999999999556e-01 5.000000000000000000e+00 5.000000000000000000e+02 3.000000000000000000e+02 9.551436428080825047e-01 5.902984464363489892e-01
6.999999999999999556e-01 6.999999999999999556e-01 1.000000000000000000e+01 5.000000000000000000e+02 3.000000000000000000e+02 9.572026656103608255e-01 5.961821834447135204e-01
8.000000000000000444e-01 5.000000000000000000e-01 3.000000000000000000e+00 5.000000000000000000e+02 3.000000000000000000e+02 9.528412102383323479e-01 5.629531232614555236e-01
8.000000000000000444e-01 5.000000000000000000e-01 5.000000000000000000e+00 5.000000000000000000e+02 3.000000000000000000e+02 9.563579468402650940e-01 5.771436378661658484e-01
8.000000000000000444e-01 5.000000000000000000e-01 1.000000000000000000e+01 5.000000000000000000e+02 3.000000000000000000e+02 9.556177192744350624e-01 5.787538385542202457e-01
8.000000000000000444e-01 5.999999999999999778e-01 3.000000000000000000e+00 5.000000000000000000e+02 3.000000000000000000e+02 9.516053764138325821e-01 5.650493034034900219e-01
8.000000000000000444e-01 5.999999999999999778e-01 5.000000000000000000e+00 5.000000000000000000e+02 3.000000000000000000e+02 9.557348251142605555e-01 5.824452748500950072e-01
8.000000000000000444e-01 5.999999999999999778e-01 1.000000000000000000e+01 5.000000000000000000e+02 3.000000000000000000e+02 9.569535862617766231e-01 5.927772322378598302e-01
8.000000000000000444e-01 6.999999999999999556e-01 3.000000000000000000e+00 5.000000000000000000e+02 3.000000000000000000e+02 9.495210083573462079e-01 5.644507217429677315e-01
8.000000000000000444e-01 6.999999999999999556e-01 5.000000000000000000e+00 5.000000000000000000e+02 3.000000000000000000e+02 9.543331495008532395e-01 5.864188533406378134e-01
8.000000000000000444e-01 6.999999999999999556e-01 1.000000000000000000e+01 5.000000000000000000e+02 3.000000000000000000e+02 9.576271868489434347e-01 5.965247745251551770e-01
5.999999999999999778e-01 5.000000000000000000e-01 3.000000000000000000e+00 5.000000000000000000e+02 5.000000000000000000e+02 9.550677293946511215e-01 5.670304814587323605e-01
5.999999999999999778e-01 5.000000000000000000e-01 5.000000000000000000e+00 5.000000000000000000e+02 5.000000000000000000e+02 9.564872257795387078e-01 5.786020940073288710e-01
5.999999999999999778e-01 5.000000000000000000e-01 1.000000000000000000e+01 5.000000000000000000e+02 5.000000000000000000e+02 9.554386631077158576e-01 5.778477447718275428e-01
5.999999999999999778e-01 5.999999999999999778e-01 3.000000000000000000e+00 5.000000000000000000e+02 5.000000000000000000e+02 9.539071288964094952e-01 5.707269075906559186e-01
5.999999999999999778e-01 5.999999999999999778e-01 5.000000000000000000e+00 5.000000000000000000e+02 5.000000000000000000e+02 9.567316299868375840e-01 5.822928491907718440e-01
5.999999999999999778e-01 5.999999999999999778e-01 1.000000000000000000e+01 5.000000000000000000e+02 5.000000000000000000e+02 9.564962878101885835e-01 5.911002973604791988e-01
5.999999999999999778e-01 6.999999999999999556e-01 3.000000000000000000e+00 5.000000000000000000e+02 5.000000000000000000e+02 9.529193433111348144e-01 5.760899265015130277e-01
5.999999999999999778e-01 6.999999999999999556e-01 5.000000000000000000e+00 5.000000000000000000e+02 5.000000000000000000e+02 9.558072386991558478e-01 5.898020679428374047e-01
5.999999999999999778e-01 6.999999999999999556e-01 1.000000000000000000e+01 5.000000000000000000e+02 5.000000000000000000e+02 9.571739647280704810e-01 5.949751608742377407e-01
6.999999999999999556e-01 5.000000000000000000e-01 3.000000000000000000e+00 5.000000000000000000e+02 5.000000000000000000e+02 9.543244743092909044e-01 5.658994626543714102e-01
6.999999999999999556e-01 5.000000000000000000e-01 5.000000000000000000e+00 5.000000000000000000e+02 5.000000000000000000e+02 9.567406065844181740e-01 5.769147226900946945e-01
6.999999999999999556e-01 5.000000000000000000e-01 1.000000000000000000e+01 5.000000000000000000e+02 5.000000000000000000e+02 9.556211994290467748e-01 5.770888097606480249e-01
6.999999999999999556e-01 5.999999999999999778e-01 3.000000000000000000e+00 5.000000000000000000e+02 5.000000000000000000e+02 9.529967638096199511e-01 5.686565379771068018e-01
6.999999999999999556e-01 5.999999999999999778e-01 5.000000000000000000e+00 5.000000000000000000e+02 5.000000000000000000e+02 9.566093370785881955e-01 5.823227325674449339e-01
6.999999999999999556e-01 5.999999999999999778e-01 1.000000000000000000e+01 5.000000000000000000e+02 5.000000000000000000e+02 9.568509890530149109e-01 5.909924161016786304e-01
6.999999999999999556e-01 6.999999999999999556e-01 3.000000000000000000e+00 5.000000000000000000e+02 5.000000000000000000e+02 9.515697734102163130e-01 5.701419727598397991e-01
6.999999999999999556e-01 6.999999999999999556e-01 5.000000000000000000e+00 5.000000000000000000e+02 5.000000000000000000e+02 9.555533320849640688e-01 5.876309222378590658e-01
6.999999999999999556e-01 6.999999999999999556e-01 1.000000000000000000e+01 5.000000000000000000e+02 5.000000000000000000e+02 9.574684578291361436e-01 5.956660541416388677e-01
8.000000000000000444e-01 5.000000000000000000e-01 3.000000000000000000e+00 5.000000000000000000e+02 5.000000000000000000e+02 9.535000964005841961e-01 5.645960383955765938e-01
8.000000000000000444e-01 5.000000000000000000e-01 5.000000000000000000e+00 5.000000000000000000e+02 5.000000000000000000e+02 9.568665572819274878e-01 5.777205113165978512e-01
8.000000000000000444e-01 5.000000000000000000e-01 1.000000000000000000e+01 5.000000000000000000e+02 5.000000000000000000e+02 9.558528801270483877e-01 5.770716440373571121e-01
8.000000000000000444e-01 5.999999999999999778e-01 3.000000000000000000e+00 5.000000000000000000e+02 5.000000000000000000e+02 9.517473349034306640e-01 5.655595473070700319e-01
8.000000000000000444e-01 5.999999999999999778e-01 5.000000000000000000e+00 5.000000000000000000e+02 5.000000000000000000e+02 9.562498302718485110e-01 5.831285247696909035e-01
8.000000000000000444e-01 5.999999999999999778e-01 1.000000000000000000e+01 5.000000000000000000e+02 5.000000000000000000e+02 9.572675096521211513e-01 5.919248604941211855e-01
8.000000000000000444e-01 6.999999999999999556e-01 3.000000000000000000e+00 5.000000000000000000e+02 5.000000000000000000e+02 9.499189008167541193e-01 5.667348315135217751e-01
8.000000000000000444e-01 6.999999999999999556e-01 5.000000000000000000e+00 5.000000000000000000e+02 5.000000000000000000e+02 9.548625080581699676e-01 5.855266701068390089e-01
8.000000000000000444e-01 6.999999999999999556e-01 1.000000000000000000e+01 5.000000000000000000e+02 5.000000000000000000e+02 9.578525786870482062e-01 5.956284949145013163e-01
5.999999999999999778e-01 5.000000000000000000e-01 3.000000000000000000e+00 5.000000000000000000e+02 7.000000000000000000e+02 9.544072883524247208e-01 5.672544252232587514e-01
5.999999999999999778e-01 5.000000000000000000e-01 5.000000000000000000e+00 5.000000000000000000e+02 7.000000000000000000e+02 9.559403518412838974e-01 5.780606079130750086e-01
5.999999999999999778e-01 5.000000000000000000e-01 1.000000000000000000e+01 5.000000000000000000e+02 7.000000000000000000e+02 9.550973027871075827e-01 5.768527984833056177e-01
5.999999999999999778e-01 5.999999999999999778e-01 3.000000000000000000e+00 5.000000000000000000e+02 7.000000000000000000e+02 9.535248889828378260e-01 5.713959151507966849e-01
5.999999999999999778e-01 5.999999999999999778e-01 5.000000000000000000e+00 5.000000000000000000e+02 7.000000000000000000e+02 9.561517431154675783e-01 5.830220778312532603e-01
5.999999999999999778e-01 5.999999999999999778e-01 1.000000000000000000e+01 5.000000000000000000e+02 7.000000000000000000e+02 9.563145422836850651e-01 5.896863744798476192e-01
5.999999999999999778e-01 6.999999999999999556e-01 3.000000000000000000e+00 5.000000000000000000e+02 7.000000000000000000e+02 9.519104489333335417e-01 5.767902768431094618e-01
5.999999999999999778e-01 6.999999999999999556e-01 5.000000000000000000e+00 5.000000000000000000e+02 7.000000000000000000e+02 9.558516127163736442e-01 5.905116167558617235e-01
5.999999999999999778e-01 6.999999999999999556e-01 1.000000000000000000e+01 5.000000000000000000e+02 7.000000000000000000e+02 9.568198159817458137e-01 5.959050868562459913e-01
6.999999999999999556e-01 5.000000000000000000e-01 3.000000000000000000e+00 5.000000000000000000e+02 7.000000000000000000e+02 9.537505428593412438e-01 5.665618353688944842e-01
6.999999999999999556e-01 5.000000000000000000e-01 5.000000000000000000e+00 5.000000000000000000e+02 7.000000000000000000e+02 9.559979057789578238e-01 5.770242630848446685e-01
6.999999999999999556e-01 5.000000000000000000e-01 1.000000000000000000e+01 5.000000000000000000e+02 7.000000000000000000e+02 9.551933171098471176e-01 5.761112373042236445e-01
6.999999999999999556e-01 5.999999999999999778e-01 3.000000000000000000e+00 5.000000000000000000e+02 7.000000000000000000e+02 9.517407564418168819e-01 5.707196137086877341e-01
6.999999999999999556e-01 5.999999999999999778e-01 5.000000000000000000e+00 5.000000000000000000e+02 7.000000000000000000e+02 9.560878631947632433e-01 5.832747249637941778e-01
6.999999999999999556e-01 5.999999999999999778e-01 1.000000000000000000e+01 5.000000000000000000e+02 7.000000000000000000e+02 9.566999633903995326e-01 5.903370043747728779e-01
6.999999999999999556e-01 6.999999999999999556e-01 3.000000000000000000e+00 5.000000000000000000e+02 7.000000000000000000e+02 9.502778804280533897e-01 5.704474995440615981e-01
6.999999999999999556e-01 6.999999999999999556e-01 5.000000000000000000e+00 5.000000000000000000e+02 7.000000000000000000e+02 9.556358943940653772e-01 5.894620367190176458e-01
6.999999999999999556e-01 6.999999999999999556e-01 1.000000000000000000e+01 5.000000000000000000e+02 7.000000000000000000e+02 9.570360887014012219e-01 5.969586157160258200e-01
8.000000000000000444e-01 5.000000000000000000e-01 3.000000000000000000e+00 5.000000000000000000e+02 7.000000000000000000e+02 9.522133627576331305e-01 5.655142245433149029e-01
8.000000000000000444e-01 5.000000000000000000e-01 5.000000000000000000e+00 5.000000000000000000e+02 7.000000000000000000e+02 9.562721870566113225e-01 5.774018406005484438e-01
8.000000000000000444e-01 5.000000000000000000e-01 1.000000000000000000e+01 5.000000000000000000e+02 7.000000000000000000e+02 9.555000617953178788e-01 5.771819577158470160e-01
8.000000000000000444e-01 5.999999999999999778e-01 3.000000000000000000e+00 5.000000000000000000e+02 7.000000000000000000e+02 9.504788379050377323e-01 5.668217210005854767e-01
8.000000000000000444e-01 5.999999999999999778e-01 5.000000000000000000e+00 5.000000000000000000e+02 7.000000000000000000e+02 9.559131820763835385e-01 5.846735765592532275e-01
8.000000000000000444e-01 5.999999999999999778e-01 1.000000000000000000e+01 5.000000000000000000e+02 7.000000000000000000e+02 9.569714613050983587e-01 5.912592519906574307e-01
8.000000000000000444e-01 6.999999999999999556e-01 3.000000000000000000e+00 5.000000000000000000e+02 7.000000000000000000e+02 9.485507724572690424e-01 5.677239475698356852e-01
8.000000000000000444e-01 6.999999999999999556e-01 5.000000000000000000e+00 5.000000000000000000e+02 7.000000000000000000e+02 9.546873413578274015e-01 5.873288673635126411e-01
8.000000000000000444e-01 6.999999999999999556e-01 1.000000000000000000e+01 5.000000000000000000e+02 7.000000000000000000e+02 9.573880764700275492e-01 5.966437175859143904e-01
5.999999999999999778e-01 5.000000000000000000e-01 3.000000000000000000e+00 7.000000000000000000e+02 3.000000000000000000e+02 9.542663123084785814e-01 5.694048287193578251e-01
5.999999999999999778e-01 5.000000000000000000e-01 5.000000000000000000e+00 7.000000000000000000e+02 3.000000000000000000e+02 9.559156321961778113e-01 5.798240041740558848e-01
5.999999999999999778e-01 5.000000000000000000e-01 1.000000000000000000e+01 7.000000000000000000e+02 3.000000000000000000e+02 9.550502487185100753e-01 5.799562404041156416e-01
5.999999999999999778e-01 5.999999999999999778e-01 3.000000000000000000e+00 7.000000000000000000e+02 3.000000000000000000e+02 9.536523753954414540e-01 5.724368007695058713e-01
5.999999999999999778e-01 5.999999999999999778e-01 5.000000000000000000e+00 7.000000000000000000e+02 3.000000000000000000e+02 9.561184914283816783e-01 5.844515696361143320e-01
5.999999999999999778e-01 5.999999999999999778e-01 1.000000000000000000e+01 7.000000000000000000e+02 3.000000000000000000e+02 9.559841498497895218e-01 5.901094904165011812e-01
5.999999999999999778e-01 6.999999999999999556e-01 3.000000000000000000e+00 7.000000000000000000e+02 3.000000000000000000e+02 9.530906963424009559e-01 5.735783512291887654e-01
5.999999999999999778e-01 6.999999999999999556e-01 5.000000000000000000e+00 7.000000000000000000e+02 3.000000000000000000e+02 9.556648722507750104e-01 5.910503051031497090e-01
5.999999999999999778e-01 6.999999999999999556e-01 1.000000000000000000e+01 7.000000000000000000e+02 3.000000000000000000e+02 9.565705895259989378e-01 5.954541303252074425e-01
6.999999999999999556e-01 5.000000000000000000e-01 3.000000000000000000e+00 7.000000000000000000e+02 3.000000000000000000e+02 9.536017461400825290e-01 5.680442541610233320e-01
6.999999999999999556e-01 5.000000000000000000e-01 5.000000000000000000e+00 7.000000000000000000e+02 3.000000000000000000e+02 9.559141654024616575e-01 5.793386005522060955e-01
6.999999999999999556e-01 5.000000000000000000e-01 1.000000000000000000e+01 7.000000000000000000e+02 3.000000000000000000e+02 9.553725185717122370e-01 5.794434784048553277e-01
6.999999999999999556e-01 5.999999999999999778e-01 3.000000000000000000e+00 7.000000000000000000e+02 3.000000000000000000e+02 9.531556762421974360e-01 5.696168867778772515e-01
6.999999999999999556e-01 5.999999999999999778e-01 5.000000000000000000e+00 7.000000000000000000e+02 3.000000000000000000e+02 9.557980044363276750e-01 5.847240724984065219e-01
6.999999999999999556e-01 5.999999999999999778e-01 1.000000000000000000e+01 7.000000000000000000e+02 3.000000000000000000e+02 9.563999275513827003e-01 5.905103279003511840e-01
6.999999999999999556e-01 6.999999999999999556e-01 3.000000000000000000e+00 7.000000000000000000e+02 3.000000000000000000e+02 9.523634722953617793e-01 5.705494833007750399e-01
6.999999999999999556e-01 6.999999999999999556e-01 5.000000000000000000e+00 7.000000000000000000e+02 3.000000000000000000e+02 9.549591832971857652e-01 5.909024143913562677e-01
6.999999999999999556e-01 6.999999999999999556e-01 1.000000000000000000e+01 7.000000000000000000e+02 3.000000000000000000e+02 9.568069696691980930e-01 5.950320904972657976e-01
8.000000000000000444e-01 5.000000000000000000e-01 3.000000000000000000e+00 7.000000000000000000e+02 3.000000000000000000e+02 9.532547688142577469e-01 5.648206316220805157e-01
8.000000000000000444e-01 5.000000000000000000e-01 5.000000000000000000e+00 7.000000000000000000e+02 3.000000000000000000e+02 9.559141858654165436e-01 5.800820787453547789e-01
8.000000000000000444e-01 5.000000000000000000e-01 1.000000000000000000e+01 7.000000000000000000e+02 3.000000000000000000e+02 9.555517419506693866e-01 5.797915787272995836e-01
8.000000000000000444e-01 5.999999999999999778e-01 3.000000000000000000e+00 7.000000000000000000e+02 3.000000000000000000e+02 9.525300986294982231e-01 5.674225111812566391e-01
8.000000000000000444e-01 5.999999999999999778e-01 5.000000000000000000e+00 7.000000000000000000e+02 3.000000000000000000e+02 9.553521173717324233e-01 5.825102082825487360e-01
8.000000000000000444e-01 5.999999999999999778e-01 1.000000000000000000e+01 7.000000000000000000e+02 3.000000000000000000e+02 9.566214118526179533e-01 5.909882272967501571e-01
8.000000000000000444e-01 6.999999999999999556e-01 3.000000000000000000e+00 7.000000000000000000e+02 3.000000000000000000e+02 9.508837650649888396e-01 5.686431467653938476e-01
8.000000000000000444e-01 6.999999999999999556e-01 5.000000000000000000e+00 7.000000000000000000e+02 3.000000000000000000e+02 9.543758203832414244e-01 5.899012066289091027e-01
8.000000000000000444e-01 6.999999999999999556e-01 1.000000000000000000e+01 7.000000000000000000e+02 3.000000000000000000e+02 9.571001519920581124e-01 5.950573661447464691e-01
5.999999999999999778e-01 5.000000000000000000e-01 3.000000000000000000e+00 7.000000000000000000e+02 5.000000000000000000e+02 9.549531955897638813e-01 5.702184028863094278e-01
5.999999999999999778e-01 5.000000000000000000e-01 5.000000000000000000e+00 7.000000000000000000e+02 5.000000000000000000e+02 9.565703608554045889e-01 5.800530873669923482e-01
5.999999999999999778e-01 5.000000000000000000e-01 1.000000000000000000e+01 7.000000000000000000e+02 5.000000000000000000e+02 9.554994850398227380e-01 5.783304892256166951e-01
5.999999999999999778e-01 5.999999999999999778e-01 3.000000000000000000e+00 7.000000000000000000e+02 5.000000000000000000e+02 9.543203360852451356e-01 5.735713536376493282e-01
5.999999999999999778e-01 5.999999999999999778e-01 5.000000000000000000e+00 7.000000000000000000e+02 5.000000000000000000e+02 9.567242379543847708e-01 5.840846613121405406e-01
5.999999999999999778e-01 5.999999999999999778e-01 1.000000000000000000e+01 7.000000000000000000e+02 5.000000000000000000e+02 9.564232341023216621e-01 5.889473569948655562e-01
5.999999999999999778e-01 6.999999999999999556e-01 3.000000000000000000e+00 7.000000000000000000e+02 5.000000000000000000e+02 9.540027245985455151e-01 5.749636999789454750e-01
5.999999999999999778e-01 6.999999999999999556e-01 5.000000000000000000e+00 7.000000000000000000e+02 5.000000000000000000e+02 9.559692872237068872e-01 5.907358577199195437e-01
5.999999999999999778e-01 6.999999999999999556e-01 1.000000000000000000e+01 7.000000000000000000e+02 5.000000000000000000e+02 9.571460001830724984e-01 5.961992559262228042e-01
6.999999999999999556e-01 5.000000000000000000e-01 3.000000000000000000e+00 7.000000000000000000e+02 5.000000000000000000e+02 9.544144574333869313e-01 5.673486272440805278e-01
6.999999999999999556e-01 5.000000000000000000e-01 5.000000000000000000e+00 7.000000000000000000e+02 5.000000000000000000e+02 9.565868416407149466e-01 5.781700937518482464e-01
6.999999999999999556e-01 5.000000000000000000e-01 1.000000000000000000e+01 7.000000000000000000e+02 5.000000000000000000e+02 9.556786856692833787e-01 5.774154537794468078e-01
6.999999999999999556e-01 5.999999999999999778e-01 3.000000000000000000e+00 7.000000000000000000e+02 5.000000000000000000e+02 9.538524025064215595e-01 5.707011411754370211e-01
6.999999999999999556e-01 5.999999999999999778e-01 5.000000000000000000e+00 7.000000000000000000e+02 5.000000000000000000e+02 9.564856525825216060e-01 5.841000109536639284e-01
6.999999999999999556e-01 5.999999999999999778e-01 1.000000000000000000e+01 7.000000000000000000e+02 5.000000000000000000e+02 9.567535966380169565e-01 5.899714401671771746e-01
6.999999999999999556e-01 6.999999999999999556e-01 3.000000000000000000e+00 7.000000000000000000e+02 5.000000000000000000e+02 9.525651515592510332e-01 5.711407777614282422e-01
6.999999999999999556e-01 6.999999999999999556e-01 5.000000000000000000e+00 7.000000000000000000e+02 5.000000000000000000e+02 9.554832480361973301e-01 5.909906233158696010e-01
6.999999999999999556e-01 6.999999999999999556e-01 1.000000000000000000e+01 7.000000000000000000e+02 5.000000000000000000e+02 9.574444806682880227e-01 5.956415008510198561e-01
8.000000000000000444e-01 5.000000000000000000e-01 3.000000000000000000e+00 7.000000000000000000e+02 5.000000000000000000e+02 9.537737902664041867e-01 5.656925223388464818e-01
8.000000000000000444e-01 5.000000000000000000e-01 5.000000000000000000e+00 7.000000000000000000e+02 5.000000000000000000e+02 9.567235563726439462e-01 5.776798017986957134e-01
8.000000000000000444e-01 5.000000000000000000e-01 1.000000000000000000e+01 7.000000000000000000e+02 5.000000000000000000e+02 9.558692565811255371e-01 5.780305833305400265e-01
8.000000000000000444e-01 5.999999999999999778e-01 3.000000000000000000e+00 7.000000000000000000e+02 5.000000000000000000e+02 9.527277389200686786e-01 5.680696171593072608e-01
8.000000000000000444e-01 5.999999999999999778e-01 5.000000000000000000e+00 7.000000000000000000e+02 5.000000000000000000e+02 9.561043496077299420e-01 5.823568232467539740e-01
8.000000000000000444e-01 5.999999999999999778e-01 1.000000000000000000e+01 7.000000000000000000e+02 5.000000000000000000e+02 9.571610885242542999e-01 5.898601519233712676e-01
8.000000000000000444e-01 6.999999999999999556e-01 3.000000000000000000e+00 7.000000000000000000e+02 5.000000000000000000e+02 9.512432686787100078e-01 5.693933217363386090e-01
8.000000000000000444e-01 6.999999999999999556e-01 5.000000000000000000e+00 7.000000000000000000e+02 5.000000000000000000e+02 9.547066876967329474e-01 5.890351882836631914e-01
8.000000000000000444e-01 6.999999999999999556e-01 1.000000000000000000e+01 7.000000000000000000e+02 5.000000000000000000e+02 9.576286833127336529e-01 5.951025337307032093e-01
5.999999999999999778e-01 5.000000000000000000e-01 3.000000000000000000e+00 7.000000000000000000e+02 7.000000000000000000e+02 9.542378646007235732e-01 5.683223715962215650e-01
5.999999999999999778e-01 5.000000000000000000e-01 5.000000000000000000e+00 7.000000000000000000e+02 7.000000000000000000e+02 9.558483651487965638e-01 5.792919881978815244e-01
5.999999999999999778e-01 5.000000000000000000e-01 1.000000000000000000e+01 7.000000000000000000e+02 7.000000000000000000e+02 9.549062601600523115e-01 5.768129531550335587e-01
5.999999999999999778e-01 5.999999999999999778e-01 3.000000000000000000e+00 7.000000000000000000e+02 7.000000000000000000e+02 9.534672861457766935e-01 5.740540941704009859e-01
5.999999999999999778e-01 5.999999999999999778e-01 5.000000000000000000e+00 7.000000000000000000e+02 7.000000000000000000e+02 9.560070242481212288e-01 5.846614831155205749e-01
5.999999999999999778e-01 5.999999999999999778e-01 1.000000000000000000e+01 7.000000000000000000e+02 7.000000000000000000e+02 9.562427432826459128e-01 5.898165840815914329e-01
5.999999999999999778e-01 6.999999999999999556e-01 3.000000000000000000e+00 7.000000000000000000e+02 7.000000000000000000e+02 9.525602313503982455e-01 5.748420903410705884e-01
5.999999999999999778e-01 6.999999999999999556e-01 5.000000000000000000e+00 7.000000000000000000e+02 7.000000000000000000e+02 9.558601727267701520e-01 5.914869902179956673e-01
5.999999999999999778e-01 6.999999999999999556e-01 1.000000000000000000e+01 7.000000000000000000e+02 7.000000000000000000e+02 9.567106257446401640e-01 5.962392947174441904e-01
6.999999999999999556e-01 5.000000000000000000e-01 3.000000000000000000e+00 7.000000000000000000e+02 7.000000000000000000e+02 9.535166505916028434e-01 5.674338904627985736e-01
6.999999999999999556e-01 5.000000000000000000e-01 5.000000000000000000e+00 7.000000000000000000e+02 7.000000000000000000e+02 9.557021140694055283e-01 5.783920841882556063e-01
6.999999999999999556e-01 5.000000000000000000e-01 1.000000000000000000e+01 7.000000000000000000e+02 7.000000000000000000e+02 9.551013798409095923e-01 5.765472912729870947e-01
6.999999999999999556e-01 5.999999999999999778e-01 3.000000000000000000e+00 7.000000000000000000e+02 7.000000000000000000e+02 9.523539726710668063e-01 5.712015036348706554e-01
6.999999999999999556e-01 5.999999999999999778e-01 5.000000000000000000e+00 7.000000000000000000e+02 7.000000000000000000e+02 9.559385100520627621e-01 5.844359824133219528e-01
6.999999999999999556e-01 5.999999999999999778e-01 1.000000000000000000e+01 7.000000000000000000e+02 7.000000000000000000e+02 9.565267180767043076e-01 5.902657944509063226e-01
6.999999999999999556e-01 6.999999999999999556e-01 3.000000000000000000e+00 7.000000000000000000e+02 7.000000000000000000e+02 9.513482411293595620e-01 5.737339748827396946e-01
6.999999999999999556e-01 6.999999999999999556e-01 5.000000000000000000e+00 7.000000000000000000e+02 7.000000000000000000e+02 9.555510338659387592e-01 5.909568288692350624e-01
6.999999999999999556e-01 6.999999999999999556e-01 1.000000000000000000e+01 7.000000000000000000e+02 7.000000000000000000e+02 9.568905943224688126e-01 5.968031452498705480e-01
8.000000000000000444e-01 5.000000000000000000e-01 3.000000000000000000e+00 7.000000000000000000e+02 7.000000000000000000e+02 9.521001995200328860e-01 5.643985711489301060e-01
8.000000000000000444e-01 5.000000000000000000e-01 5.000000000000000000e+00 7.000000000000000000e+02 7.000000000000000000e+02 9.558695769686931243e-01 5.784072803744536584e-01
8.000000000000000444e-01 5.000000000000000000e-01 1.000000000000000000e+01 7.000000000000000000e+02 7.000000000000000000e+02 9.553906948379309316e-01 5.772668063172021746e-01
8.000000000000000444e-01 5.999999999999999778e-01 3.000000000000000000e+00 7.000000000000000000e+02 7.000000000000000000e+02 9.512444397387761486e-01 5.675188595443186879e-01
8.000000000000000444e-01 5.999999999999999778e-01 5.000000000000000000e+00 7.000000000000000000e+02 7.000000000000000000e+02 9.555748463792821390e-01 5.842813247989995240e-01
8.000000000000000444e-01 5.999999999999999778e-01 1.000000000000000000e+01 7.000000000000000000e+02 7.000000000000000000e+02 9.568399402246224872e-01 5.910144772711202199e-01
8.000000000000000444e-01 6.999999999999999556e-01 3.000000000000000000e+00 7.000000000000000000e+02 7.000000000000000000e+02 9.496300699727210359e-01 5.699390777230448624e-01
8.000000000000000444e-01 6.999999999999999556e-01 5.000000000000000000e+00 7.000000000000000000e+02 7.000000000000000000e+02 9.545559824199419952e-01 5.895448669951675047e-01
8.000000000000000444e-01 6.999999999999999556e-01 1.000000000000000000e+01 7.000000000000000000e+02 7.000000000000000000e+02 9.572506657254558071e-01 5.962784294976253285e-01
