3.587873823554501608e-03
8.838250726623562287e-03
1.507398095048020047e-02
2.246907876496049422e-02
3.215496418864562111e-02
4.193196822903856591e-02
5.328959617593562875e-02
6.153931475464631540e-02
7.204886853626460419e-02
8.207120555928512640e-02
9.037370402858782570e-02
1.002780611365636509e-01
1.118822809329542700e-01
1.218962353355382000e-01
1.301127896143064733e-01
1.401093327928440435e-01
1.498364783419646740e-01
1.608612896704828821e-01
1.715569719479781707e-01
1.799191086938282114e-01
1.889834589607754523e-01
1.990038193240092901e-01
2.097735845390105991e-01
2.188506592390396244e-01
2.297541205076214510e-01
2.397764337199586870e-01
2.500371470280711717e-01
2.579165506623103399e-01
2.671404899996533411e-01
2.779110378634270795e-01
2.896365385661092140e-01
2.987789027465810876e-01
3.086864055094669657e-01
3.178564799958374931e-01
3.280730820951787696e-01
3.365332206631243550e-01
3.486882295667317333e-01
3.587038624225688532e-01
3.671313755707213966e-01
3.771121879727301618e-01
3.869824671282311446e-01
3.970858094928003679e-01
4.069565636298575484e-01
4.169354902623140791e-01
4.271692897352831753e-01
4.361301559326477562e-01
4.469172863710550447e-01
4.560125237233830786e-01
4.669514603230673910e-01
4.761404669762001052e-01
4.852717830459084558e-01
4.982248996370383098e-01
5.063285095698545346e-01
5.151091738506833329e-01
5.259850153266787398e-01
5.350465776075503666e-01
5.444517075653210192e-01
5.551120168243525166e-01
5.643181835006620961e-01
5.743589062534241174e-01
5.860106093565236041e-01
5.943756540629977492e-01
6.044012003108470976e-01
6.142600117617149635e-01
6.243378056112687258e-01
6.325512282795927588e-01
6.443899483605149969e-01
6.550993171577428331e-01
6.650597464758398747e-01
6.735228417591596628e-01
6.827124059717990523e-01
6.926158917780873558e-01
7.035626916314694501e-01
7.136543181751046072e-01
7.242406036972448558e-01
7.334983351025288201e-01
7.418599868757448368e-01
7.518361372631628958e-01
7.635135299795012820e-01
7.726607847463428103e-01
7.818628005188701380e-01
7.926164416928717094e-01
8.026883344963969824e-01
8.117821192471497138e-01
8.218169806975046399e-01
8.326642071404581902e-01
8.418213520500709146e-01
8.518760417802887508e-01
8.619323920123308502e-01
8.700894102121046192e-01
8.818928175263798241e-01
8.917350384555428056e-01
9.017857267961855161e-01
9.101049796284061966e-01
9.200473162866511512e-01
9.309784603406500159e-01
9.410029380752922279e-01
9.509797402270191435e-01
9.608621541928838994e-01
9.708639686367461774e-01
9.795527110666147896e-01
1.000000000000000000e+00
