2.692688827791966423e-03
8.096951692585823562e-03
1.438173589768908592e-02
2.195679218311365546e-02
3.174833147190594951e-02
4.171162931071555058e-02
5.313335636958989305e-02
6.141794010011165927e-02
7.200363552286734303e-02
8.202210526924751111e-02
9.027570593400208177e-02
1.001776030075509638e-01
1.117962423238434838e-01
1.218216974300781602e-01
1.300307768288225807e-01
1.400245417339269771e-01
1.497477141955152469e-01
1.607872900552946294e-01
1.715042965513337569e-01
1.798700793889540239e-01
1.889380526051019082e-01
1.989722882398826664e-01
2.097590119168291634e-01
2.188332527350748680e-01
2.297285764770087835e-01
2.397497956254866780e-01
2.500098887638577128e-01
2.578739057246070554e-01
2.671074251132448119e-01
2.778692465352678997e-01
2.895945383422486308e-01
2.987459630535155286e-01
3.086300315506335656e-01
3.178183586985065534e-01
3.280401420193311823e-01
3.364878891966948671e-01
3.486306551322401193e-01
3.586479630549542774e-01
3.670901037579323845e-01
3.770740588093455803e-01
3.869654574714656015e-01
3.970694914784622109e-01
4.069490411664100082e-01
4.169252621818422821e-01
4.271590991420505246e-01
4.361532773070297964e-01
4.469251336287743959e-01
4.560382861157650791e-01
4.669727060474267999e-01
4.761572384355162169e-01
4.852826701526588016e-01
4.982448561124294129e-01
5.063628736869709712e-01
5.151349986539437431e-01
5.260151602909075574e-01
5.350850923525798386e-01
5.444767298594046512e-01
5.551326217670800034e-01
5.643469734256696402e-01
5.743923581830936431e-01
5.860403134331756414e-01
5.944092902504578557e-01
6.044305365327069524e-01
6.142905085049464864e-01
6.243636403498381560e-01
6.325721034387343789e-01
6.443960023903747558e-01
6.551007401318729162e-01
6.650566322448882017e-01
6.735154510998809796e-01
6.827003204768398170e-01
6.926052254809764719e-01
7.035482929940022334e-01
7.136354596883613954e-01
7.242261613913882901e-01
7.334794266292137266e-01
7.418454643673422222e-01
7.518216147547599482e-01
7.635081854802298063e-01
7.726461278176461889e-01
7.818436037307914255e-01
7.925923858183011594e-01
8.026598880352440180e-01
8.117583058475240643e-01
8.217931672978788793e-01
8.326449288882246114e-01
8.417932134906356278e-01
8.518616250501100939e-01
8.619322529182792403e-01
8.700850355514095913e-01
8.818835409049003982e-01
8.917260817651910809e-01
9.017767701058335694e-01
9.100960229380543609e-01
9.200336647606185414e-01
9.309785838055246732e-01
9.410023582115023544e-01
9.509845355100396969e-01
9.608669494759041196e-01
9.708737021913712573e-01
9.795624446212400915e-01
1.000000000000000000e+00
