4.319619117137797962e-03
9.652474142516905692e-03
1.582452932078359450e-02
2.299110125986516401e-02
3.255318554529438441e-02
4.227780447316609180e-02
5.352286135161796882e-02
6.168095324475536545e-02
7.207973344987078645e-02
8.204065451440323287e-02
9.030065206046813953e-02
1.001636798199486977e-01
1.117660350242858647e-01
1.217614685084287551e-01
1.299922470501045091e-01
1.399910258237750116e-01
1.497209446099240782e-01
1.607772439300710898e-01
1.714862161140941199e-01
1.798764475665939888e-01
1.889518427011204760e-01
1.989706450012823091e-01
2.097492503103341177e-01
2.188517148652531774e-01
2.297501340808056902e-01
2.397898820285099541e-01
2.500611147333889894e-01
2.579627454470519443e-01
2.671741777276850915e-01
2.779588279986971999e-01
2.896709223275796274e-01
2.988271905463161238e-01
3.087253397525233645e-01
3.179089986061384154e-01
3.281172932824216182e-01
3.365776897270600365e-01
3.487302319089613523e-01
3.587509869837531840e-01
3.671942095602899747e-01
3.771692537783609134e-01
3.870510711260158887e-01
3.971470366537460106e-01
4.070257006231272068e-01
4.170092525565086139e-01
4.272297214062145687e-01
4.362227606979213190e-01
4.470009347388447796e-01
4.561005710358818632e-01
4.670477963207515515e-01
4.762369016767948326e-01
4.853582805239197162e-01
4.983294022370585163e-01
5.064339326747397951e-01
5.152141794539606412e-01
5.260914560147498253e-01
5.351573960604543156e-01
5.445566651913148482e-01
5.552083300482397732e-01
5.644231740790519591e-01
5.744546169461067775e-01
5.861025172156243412e-01
5.944760596175298062e-01
6.044975158858291175e-01
6.143604216701392673e-01
6.244338842653619492e-01
6.326378085397335038e-01
6.444635266746943092e-01
6.551686862793463240e-01
6.651251283566141925e-01
6.735773451626687613e-01
6.827669093753082619e-01
6.926754797296912347e-01
7.036314127964948817e-01
7.137229155294324556e-01
7.243136172324594613e-01
7.335764093664881580e-01
7.419424471046165426e-01
7.519100365743798253e-01
7.635748300925047083e-01
7.727172951285292690e-01
7.819237014876389003e-01
7.926728671872399490e-01
8.027349040470858066e-01
8.118333218593655198e-01
8.218595356943456665e-01
8.327063317948457666e-01
8.418538291384564110e-01
8.519140236661254528e-01
8.619552519442953420e-01
8.701171721048531760e-01
8.819116729723253112e-01
8.917488331727433382e-01
9.017948555932664423e-01
9.101100251261813323e-01
9.200476980403726746e-01
9.309833977093141533e-01
9.410169054398414001e-01
9.509938914907106744e-01
9.608763054565752082e-01
9.708782560206785650e-01
9.795573950839313593e-01
1.000000000000000000e+00
