1.706748615134113037e-03
7.004353562020668340e-03
1.340341902705751397e-02
2.102744009437221978e-02
3.101450657610614267e-02
4.101146125061492370e-02
5.255380155136398640e-02
6.088375511284105368e-02
7.148702155781902490e-02
8.156999781751334000e-02
8.988119887313372747e-02
9.981487186519721888e-02
1.114620224784211439e-01
1.214803967536078194e-01
1.297333402165450345e-01
1.397549944712696002e-01
1.495062048117561659e-01
1.605580958300713290e-01
1.712660372617883509e-01
1.796648887436979869e-01
1.887389524254978745e-01
1.987958199479171462e-01
2.095601384407512757e-01
2.186358518918276039e-01
2.295348144301492810e-01
2.395650348422560805e-01
2.498386716459866652e-01
2.577446160377667161e-01
2.669649026169390593e-01
2.777575322306212180e-01
2.894834253348761433e-01
2.986493166311319780e-01
3.085523844750454048e-01
3.177312452944353605e-01
3.279472531774300093e-01
3.364122152066915117e-01
3.485597934250408425e-01
3.585800318202777004e-01
3.670277607563722788e-01
3.770128364449684133e-01
3.869002154810102789e-01
3.970047042285329564e-01
4.068885868598492439e-01
4.168762713201595860e-01
4.270949359952840862e-01
4.360884912678243408e-01
4.468666405012792775e-01
4.559753756369138711e-01
4.669134408628626831e-01
4.761117636641187256e-01
4.852341614599001707e-01
4.982095348737193286e-01
5.063275597555345620e-01
5.151168886803544344e-01
5.259988299734454920e-01
5.350642248300363502e-01
5.444643178893422419e-01
5.551187506719090781e-01
5.643294557674668477e-01
5.743667147005517837e-01
5.860233082574854979e-01
5.943871975413934639e-01
6.043943264387751091e-01
6.142487806879742829e-01
6.243084966495902055e-01
6.325175585992676153e-01
6.443409897564127409e-01
6.550499349444570685e-01
6.650057005185003867e-01
6.734641009661394007e-01
6.826490321172518083e-01
6.925619593904217552e-01
7.035136407565451000e-01
7.136099332202998635e-01
7.241912514253191491e-01
7.334497651184118672e-01
7.418111115448494663e-01
7.517922274221130463e-01
7.634745464469026022e-01
7.726178139729147354e-01
7.818202892053636166e-01
7.925600260450317291e-01
8.026276468048113566e-01
8.117260646170914029e-01
8.217522855845287300e-01
8.326040471748743510e-01
8.417611920844871864e-01
8.518341698540071727e-01
8.619047977221765411e-01
8.700667178827344861e-01
8.818701251970096910e-01
8.917168833312544285e-01
9.017628783786129087e-01
9.100775650007884021e-01
9.200199016590333567e-01
9.309648207039392664e-01
9.409983284344665133e-01
9.509762155797535366e-01
9.608534130615282720e-01
9.708601657769957427e-01
9.795489082068643549e-01
1.000000000000000000e+00
