3.514480576548686397e-01
2.752614942215570459e-01
2.205030887186566202e-01
1.874540968381910311e-01
1.535767487310394641e-01
1.295867700826910107e-01
1.104993912864062899e-01
1.003819776603838421e-01
9.019629843620108334e-02
8.177851406756388164e-02
7.569216156360711323e-02
6.969935415312647486e-02
6.358852443446023905e-02
5.916645606111285705e-02
5.596223091511896147e-02
5.246600311640237102e-02
4.945459621760910085e-02
4.634265777192923819e-02
4.374047984719330040e-02
4.186999474175841229e-02
3.999688174621986170e-02
3.825499924866818807e-02
3.645097342588056455e-02
3.501952274583462754e-02
3.348471175106496750e-02
3.217526443692267368e-02
3.095388582479426803e-02
3.007515907349232048e-02
2.915547678643454904e-02
2.811452889415456263e-02
2.709858622318888147e-02
2.631705124725478018e-02
2.553743881692917619e-02
2.485831695347804488e-02
2.416479656341019924e-02
2.357974307738636491e-02
2.282522832696080167e-02
2.220659245979407156e-02
2.173299400257614963e-02
2.120755859675526808e-02
2.071238396057671280e-02
2.024972371623958226e-02
1.977926445877917563e-02
1.933408785064830160e-02
1.891997758414244030e-02
1.855995656204728617e-02
1.813814692525642785e-02
1.781252760844758906e-02
1.742277149131202935e-02
1.710996561245696490e-02
1.683784362896702594e-02
1.641689249287655791e-02
1.619272459880620810e-02
1.594073178222980142e-02
1.563801552283768798e-02
1.538525009228387461e-02
1.514233401862003989e-02
1.487212097743715114e-02
1.463906841590924268e-02
1.440991627967579645e-02
1.414336635803288209e-02
1.394731919232119512e-02
1.372377838660754357e-02
1.351630267221663219e-02
1.330699704610429843e-02
1.315248254105038164e-02
1.294604296319181239e-02
1.274964083835626073e-02
1.256890892680107355e-02
1.242806970507273276e-02
1.226249110862445008e-02
1.209563886193969727e-02
1.191003589894863365e-02
1.174853583119559591e-02
1.157874714748217612e-02
1.143487567620400137e-02
1.130768047041633140e-02
1.117701193952383432e-02
1.103550723975738751e-02
1.091287988362426263e-02
1.078599503959020746e-02
1.064731006903315950e-02
1.052626356462078513e-02
1.040893356847493942e-02
1.029333659001494330e-02
1.016815437620657847e-02
1.006916379427226504e-02
9.966443826638008222e-03
9.884231238596370359e-03
9.792960468245719835e-03
9.672636563924330924e-03
9.577797306302437280e-03
9.477416969051745757e-03
9.396466147010564332e-03
9.300325148657846361e-03
9.201620829720496067e-03
9.104496795843318446e-03
9.019669803245365311e-03
8.927421253951996205e-03
8.841038004880338169e-03
8.773404136467165965e-03
8.603669650694690391e-03
