7.433585242391033132e-01
4.740791427592078167e-01
3.404618597846348904e-01
2.572858996113304708e-01
1.939308222804280446e-01
1.556385813507135396e-01
1.266719655015132173e-01
1.120328540073854268e-01
9.763628852780656397e-02
8.702938591067599372e-02
7.998325170582079591e-02
7.295491495177133801e-02
6.612193512073302748e-02
6.134068728479698251e-02
5.783613110120041506e-02
5.406463987382702230e-02
5.082421838845811030e-02
4.763840587206849553e-02
4.496464266810405036e-02
4.299773516867809453e-02
4.107801456938656864e-02
3.910293673328510411e-02
3.732121550877708083e-02
3.597025748883340979e-02
3.439297418807246015e-02
3.307977058344169219e-02
3.181742651078343226e-02
3.089633268457939869e-02
2.991725308494852520e-02
2.881452998929675061e-02
2.772982743676108419e-02
2.689814601857169057e-02
2.608214400518620371e-02
2.540453995369660462e-02
2.466946337207255244e-02
2.405913659080619743e-02
2.329963939275668527e-02
2.267234616094403882e-02
2.217626208791958348e-02
2.161225613987525357e-02
2.109309206088936031e-02
2.060088860495721402e-02
2.010809237478649453e-02
1.964552995814049241e-02
1.922967992730635275e-02
1.886198403568760049e-02
1.843286372362368253e-02
1.808211319450493335e-02
1.770502789739206856e-02
1.736788568849004233e-02
1.708797631871521866e-02
1.665392591209653023e-02
1.639927147942188065e-02
1.612662181470250408e-02
1.581044530450979174e-02
1.555583427711579834e-02
1.530826916455128341e-02
1.502988512464631735e-02
1.480221048500550418e-02
1.456091729910628796e-02
1.427601519535533214e-02
1.409359914263837166e-02
1.389176863798594584e-02
1.369480915460100437e-02
1.350435941490989514e-02
1.333931939269054553e-02
1.313298525789725023e-02
1.292803595368178550e-02
1.274520112000588658e-02
1.259332022044087548e-02
1.243260826715995859e-02
1.225709993224948294e-02
1.207462134596360218e-02
1.190456488140110604e-02
1.174551620244957198e-02
1.160504329478043856e-02
1.148220029024722699e-02
1.133170135254820896e-02
1.116484978255541730e-02
1.103971447351045042e-02
1.091631769465036851e-02
1.078776340565522004e-02
1.065852526326742725e-02
1.053961749380949095e-02
1.042217378458380403e-02
1.028937198029206829e-02
1.017781982885150593e-02
1.005907748033526769e-02
9.942138109409897478e-03
9.850166648209335643e-03
9.719180966719915063e-03
9.613017005569083132e-03
9.512360840551048122e-03
9.431694393943779522e-03
9.330048612370453465e-03
9.221234172917633365e-03
9.123988299202166058e-03
9.038016975653095919e-03
8.950978571548362517e-03
8.859522841548155697e-03
8.781940989445966364e-03
8.603669650694690391e-03
