4.617740753832447753e-01
3.366446152121054802e-01
2.578864669100988105e-01
2.060017036012301295e-01
1.638764457553330001e-01
1.366118812062174226e-01
1.144354508907352297e-01
1.024620451783199993e-01
9.058675074309754938e-02
8.142230223315918836e-02
7.494698335553294510e-02
6.865304758876601687e-02
6.262404745175532972e-02
5.812952349730717005e-02
5.508731257082958438e-02
5.167245526400495587e-02
4.872972101352736340e-02
4.584884542837951160e-02
4.335339142143317809e-02
4.165178928053012153e-02
3.984346386547298058e-02
3.810006814261557295e-02
3.634436017691437815e-02
3.502832960813478946e-02
3.347251465440116702e-02
3.222981608913044749e-02
3.104935508277496467e-02
3.025050624224011678e-02
2.928058139261112067e-02
2.828171252586082415e-02
2.721514532810713830e-02
2.647640430195271136e-02
2.566130503758908693e-02
2.502048727590829719e-02
2.429596551592493742e-02
2.370913728112989532e-02
2.294346955539446412e-02
2.233349955855751592e-02
2.189986936472054779e-02
2.135491880617478716e-02
2.088589268172898888e-02
2.040072018632882456e-02
1.994430298987925204e-02
1.950683107692728624e-02
1.905942539101244601e-02
1.876781532651201553e-02
1.832210296676038339e-02
1.800215125493321439e-02
1.762493184193079238e-02
1.730785109360650359e-02
1.701214511354676162e-02
1.662304045312455389e-02
1.639727028275541829e-02
1.614121971277703710e-02
1.583647023851166014e-02
1.558851255098965202e-02
1.533145563927395226e-02
1.504259874126615860e-02
1.482183854423971790e-02
1.457372421226927131e-02
1.429746330407115004e-02
1.411344339753162723e-02
1.388063866019842441e-02
1.367696316845957646e-02
1.345838600019818275e-02
1.328722919106043940e-02
1.305781295959177780e-02
1.285399328722968380e-02
1.266541542149312791e-02
1.250763091536747848e-02
1.234094334093195286e-02
1.218064648756581048e-02
1.200604852274501748e-02
1.184360999504314137e-02
1.167839651712995926e-02
1.153988903282077323e-02
1.141747771527414773e-02
1.127398312119081911e-02
1.111477598530724933e-02
1.098516517580699903e-02
1.086282386723167771e-02
1.071769447917195889e-02
1.058380493212423244e-02
1.047136941586023287e-02
1.034444417175693284e-02
1.021806282041840680e-02
1.010740217357991577e-02
1.001057240709129527e-02
9.910720402810619528e-03
9.824632616923820866e-03
9.693830565144672881e-03
9.592985554638350926e-03
9.487442659955490007e-03
9.401995179818340570e-03
9.300627353054936527e-03
9.206854762923682989e-03
9.119179921859893803e-03
9.034408392339411675e-03
8.941973472923938487e-03
8.855652872507908252e-03
8.778093651803615255e-03
8.603669650694690391e-03
