5.961521087693109067e-01
3.926866745657123792e-01
2.922923385686859721e-01
2.242805584709607891e-01
1.745710834714125081e-01
1.411601437701516248e-01
1.170129890457149713e-01
1.042173477833873846e-01
9.110584947940335299e-02
8.194961743131248810e-02
7.592988425014488008e-02
6.961877761898388473e-02
6.333237645984515773e-02
5.869387683495962127e-02
5.566838568219891620e-02
5.223768010674227635e-02
4.929213047695631816e-02
4.628475414758129181e-02
4.363894782859514127e-02
4.190755598716529307e-02
4.006891393339566398e-02
3.825395569311150490e-02
3.641253249699088340e-02
3.510308021364760139e-02
3.357762042252189494e-02
3.233587706101641313e-02
3.115363846347870072e-02
3.041027304365198636e-02
2.940067588417668437e-02
2.842751448766168629e-02
2.735586845723795429e-02
2.658304798743782449e-02
2.583847083637226885e-02
2.513710105554033819e-02
2.439331575092477944e-02
2.383968511902615287e-02
2.310275589677536837e-02
2.248580928627896131e-02
2.201001266433368422e-02
2.145369157048759509e-02
2.092877129676536802e-02
2.044185261953743865e-02
1.996228536133002468e-02
1.952944276551854541e-02
1.908208706948886363e-02
1.871561970528154428e-02
1.830450035164164768e-02
1.794721392276631133e-02
1.757996599368293056e-02
1.727369159815179966e-02
1.698920266226339529e-02
1.658396662233726712e-02
1.633046890725468880e-02
1.609141851140286419e-02
1.577945193647723940e-02
1.551686522804768785e-02
1.528550598477548296e-02
1.500559709473086277e-02
1.477149099254031553e-02
1.451629850470816108e-02
1.424736824590023231e-02
1.405698753444987147e-02
1.383261678914004568e-02
1.362769283897041425e-02
1.341733732115025710e-02
1.325447988638124054e-02
1.304835821340043743e-02
1.285149905473840191e-02
1.266995891135747412e-02
1.251807025884083338e-02
1.235842585698753923e-02
1.219543677879162367e-02
1.202579686306669456e-02
1.186931682710341655e-02
1.169781585195631135e-02
1.156488787078882759e-02
1.143652540690215033e-02
1.129311755846783977e-02
1.112151912652839351e-02
1.100362217642508050e-02
1.088666813893285866e-02
1.074738006515632560e-02
1.061880045270178000e-02
1.050032425022149468e-02
1.037292776404774575e-02
1.024074909539833024e-02
1.014030952846193233e-02
1.002727125839353306e-02
9.910568525929638189e-03
9.829428954905730306e-03
9.704189426778930122e-03
9.602843935816136184e-03
9.497138603772310381e-03
9.411653228793198656e-03
9.315223980869816872e-03
9.206588105473543018e-03
9.119759054648957086e-03
9.029382209408715054e-03
8.937011600351114221e-03
8.845714235423749253e-03
8.768255639937994061e-03
8.603669650694690391e-03
