2.805844319793653341e-01
4.199142200975237715e-01
5.029071768666584230e-01
5.859482202676604690e-01
6.555637621292177419e-01
7.028120044670542743e-01
7.468398187359162055e-01
7.737035876445172988e-01
8.056438498595858144e-01
8.262848672319680343e-01
8.369993773545629789e-01
8.501245839635291901e-01
8.593940258745259575e-01
8.684714537866176087e-01
8.731206155217240417e-01
8.786966019456974308e-01
8.834322335660338421e-01
8.858131859469862146e-01
8.912523856919435383e-01
8.927861979852493857e-01
8.947796535953417285e-01
9.012880371952215475e-01
9.042203766100243012e-01
9.044425988322466470e-01
9.067988756246136983e-01
9.081857027845728902e-01
9.108859897192133070e-01
9.118995951613901862e-01
9.152490615208392910e-01
9.169854064030458218e-01
9.205914575714100323e-01
9.219999082756353825e-01
9.233565254561961755e-01
9.250563648433965946e-01
9.277836885480443829e-01
9.284639606568878545e-01
9.311862040270186824e-01
9.318664761358620430e-01
9.332749268400875042e-01
9.349308523681933991e-01
9.366045588351328277e-01
9.399552098813677148e-01
9.403048602310180026e-01
9.416654044487051678e-01
9.443934919036275355e-01
9.450952549293342164e-01
9.461115719456512085e-01
9.477537028153208976e-01
9.485702235614190680e-01
9.499547210223753257e-01
9.527046713467586248e-01
9.533849434556020963e-01
9.558121735025503218e-01
9.571917463106945911e-01
9.589051911400719996e-01
9.595718578067385929e-01
9.602760831588511570e-01
9.616420505248186590e-01
9.623223226336620195e-01
9.643204376417600088e-01
9.656200157008317797e-01
9.656200157008317797e-01
9.658422379230540145e-01
9.665415386223548122e-01
9.672172142980306475e-01
9.685641530735408233e-01
9.719372444566148905e-01
9.732708148691328054e-01
9.735997622375537341e-01
9.745131345794977307e-01
9.745131345794977307e-01
9.748420819479186594e-01
9.748420819479186594e-01
9.755413826472192351e-01
9.755413826472192351e-01
9.755413826472192351e-01
9.755413826472192351e-01
9.772413405740121295e-01
9.800559133633701681e-01
9.804055637130204559e-01
9.804055637130204559e-01
9.810634584498625355e-01
9.824479559108187932e-01
9.824479559108187932e-01
9.834803406957186578e-01
9.841606128045622404e-01
9.850230660047761821e-01
9.866943557155396505e-01
9.905483013068959730e-01
9.905483013068959730e-01
9.919282023346843724e-01
9.932439918083684205e-01
9.939018865452105000e-01
9.945347979376156777e-01
9.952390232897283529e-01
9.962597043380435613e-01
9.962597043380435613e-01
9.970508435785498946e-01
9.970508435785498946e-01
9.977087383153919742e-01
9.990929705215420009e-01
1.000000000000000000e+00
