5.153000425413052366e-01
6.251046810906608631e-01
6.838732190139247269e-01
7.175948189511809350e-01
7.533156529938672685e-01
7.728900565454437377e-01
7.915893141975750558e-01
8.071156416844796899e-01
8.217495609343682395e-01
8.354261849265673945e-01
8.446330945498712328e-01
8.531086983404584378e-01
8.629124078615004745e-01
8.671775322223936877e-01
8.711978098360916301e-01
8.767654098710311317e-01
8.837651714023287974e-01
8.885161679935267287e-01
8.925317233374047143e-01
8.976293852710190979e-01
9.016955056899617071e-01
9.058307961974856326e-01
9.086377606078592795e-01
9.125060794836888922e-01
9.160030570649111414e-01
9.190848860164321232e-01
9.197605616921075145e-01
9.219316495114956433e-01
9.242946729021530583e-01
9.293920326387586917e-01
9.312879613279205770e-01
9.350441076343048996e-01
9.384357300334460472e-01
9.394493354756230374e-01
9.404460632806690423e-01
9.424835308256552802e-01
9.433955394519497606e-01
9.463465772257126929e-01
9.490301382432002608e-01
9.503479811424545565e-01
9.528601657790967128e-01
9.535180605159387923e-01
9.535180605159387923e-01
9.553642452564758969e-01
9.572196465931753773e-01
9.572196465931753773e-01
9.585801908108624314e-01
9.585801908108624314e-01
9.606171115826859230e-01
9.623394468814797653e-01
9.636096856517186726e-01
9.663231570920247648e-01
9.670034292008683474e-01
9.676837013097119300e-01
9.685461545099258718e-01
9.685461545099258718e-01
9.699353113688877759e-01
9.702642587373088157e-01
9.704910161069234542e-01
9.704910161069234542e-01
9.718619081257026115e-01
9.732703588299280728e-01
9.739745841820406369e-01
9.749713119870866418e-01
9.770131654969853585e-01
9.770131654969853585e-01
9.783976629579415052e-01
9.790779350667850878e-01
9.794112684001182734e-01
9.801105690994189601e-01
9.801105690994189601e-01
9.811619824747760399e-01
9.832457806350328733e-01
9.832457806350328733e-01
9.839307121418823243e-01
9.869592214741478298e-01
9.869592214741478298e-01
9.872881688425689806e-01
9.886351076180790454e-01
9.892930023549212359e-01
9.896308401927589316e-01
9.903157716996082716e-01
9.916953445077524298e-01
9.923532392445946204e-01
9.923532392445946204e-01
9.925642097087298277e-01
9.932635104080305144e-01
9.932635104080305144e-01
9.932635104080305144e-01
9.932635104080305144e-01
9.952673138192148494e-01
9.952673138192148494e-01
9.959475859280584320e-01
9.966054806649005116e-01
9.972857527737440941e-01
9.979186641661490498e-01
9.979186641661490498e-01
9.986204271918557307e-01
9.986204271918557307e-01
9.986204271918557307e-01
9.993197278911564174e-01
1.000000000000000000e+00
