6.399126273018109767e-01
7.553018446361207117e-01
7.981866466176913422e-01
8.236721565746727425e-01
8.394828862087843069e-01
8.536642590038141520e-01
8.635850753450575734e-01
8.700183907010152762e-01
8.752083645513198951e-01
8.819060893861874195e-01
8.876139624794940897e-01
8.930282769558142153e-01
8.975418418590850322e-01
9.039627010042901034e-01
9.073376335134384352e-01
9.114106190702637722e-01
9.134205780725930257e-01
9.165320387479301001e-01
9.202696723921084399e-01
9.209363390587752551e-01
9.229725589521379225e-01
9.243570564130942913e-01
9.297636232215047425e-01
9.338127269999316749e-01
9.361629546840859462e-01
9.391577974972300513e-01
9.408752081432119052e-01
9.415331028800540958e-01
9.438124391783777600e-01
9.441620895280280479e-01
9.469022065538595934e-01
9.469022065538595934e-01
9.481930126831066286e-01
9.505401568405227319e-01
9.515725416254227076e-01
9.515725416254227076e-01
9.534912916870299515e-01
9.538434043630861225e-01
9.545236764719298161e-01
9.552039485807732877e-01
9.564947547100205449e-01
9.585834775230894778e-01
9.585834775230894778e-01
9.589236135775112135e-01
9.610338273074432447e-01
9.620781887139775446e-01
9.634210149576689641e-01
9.641012870665125467e-01
9.659738176211355443e-01
9.659738176211355443e-01
9.689650347652701834e-01
9.689650347652701834e-01
9.696453068741137660e-01
9.696453068741137660e-01
9.702053975770615901e-01
9.708632923139036697e-01
9.722102310894140675e-01
9.724433313225142594e-01
9.734572101977846392e-01
9.747657972658652081e-01
9.747657972658652081e-01
9.757815536613685392e-01
9.785361028444891085e-01
9.800366730349325817e-01
9.815620470487302907e-01
9.822423191575738732e-01
9.856409689268940122e-01
9.863402696261948099e-01
9.870444949783075961e-01
9.873966076543638781e-01
9.881008330064766643e-01
9.881008330064766643e-01
9.887811051153201358e-01
9.887811051153201358e-01
9.898374431434892040e-01
9.905177152523327866e-01
9.912026467591820156e-01
9.912026467591820156e-01
9.918829188680255982e-01
9.922118662364466379e-01
9.928447776288515936e-01
9.948918292246556883e-01
9.955497239614977678e-01
9.955497239614977678e-01
9.968832943740156827e-01
9.968832943740156827e-01
9.968832943740156827e-01
9.968832943740156827e-01
9.968832943740156827e-01
9.968832943740156827e-01
9.968832943740156827e-01
9.968832943740156827e-01
9.975825950733163694e-01
9.982675265801657094e-01
9.982675265801657094e-01
9.982675265801657094e-01
9.982675265801657094e-01
9.992957746478874359e-01
1.000000000000000000e+00
1.000000000000000000e+00
1.000000000000000000e+00
1.000000000000000000e+00
