3.828661455636696020e-01
5.254084667022727029e-01
5.939373085975919730e-01
6.510930998678066128e-01
7.060787538245754114e-01
7.462761003848339403e-01
7.783504221951642599e-01
7.961470279475080236e-01
8.144267517408237955e-01
8.257245332222963308e-01
8.319011990910875065e-01
8.400238001179707314e-01
8.507611607550737975e-01
8.578262198159265495e-01
8.641562052072468969e-01
8.701884431866473424e-01
8.756249579683933471e-01
8.828266227992245252e-01
8.880944554512218980e-01
8.935356473473274885e-01
8.961150249719130878e-01
9.008441972442433610e-01
9.048487545757486483e-01
9.088434456689146179e-01
9.102040528514396822e-01
9.141784683343801010e-01
9.178456380416551985e-01
9.213654016110692790e-01
9.230684430646001193e-01
9.268101359616991441e-01
9.286516613042306023e-01
9.305904392589008367e-01
9.312661149345764500e-01
9.347036545914321204e-01
9.360832273995762787e-01
9.363115379018592810e-01
9.376462123199710286e-01
9.386905737265054395e-01
9.409513140586744928e-01
9.419844867792083187e-01
9.459470301666588199e-01
9.475629443952351405e-01
9.496467425554919739e-01
9.517115121252919252e-01
9.523917842341352857e-01
9.574130265191975742e-01
9.574130265191975742e-01
9.596183759046137407e-01
9.622413941255667513e-01
9.630752976493435202e-01
9.650937366038727649e-01
9.678209732513470831e-01
9.698770096708008159e-01
9.712193520131432445e-01
9.729320089068863586e-01
9.739241402787646162e-01
9.746044123876081988e-01
9.746044123876081988e-01
9.758492797039041156e-01
9.765159463705709308e-01
9.772201717226834949e-01
9.779012317671609278e-01
9.779012317671609278e-01
9.793047578185742896e-01
9.793047578185742896e-01
9.793047578185742896e-01
9.803137668275831995e-01
9.809986983344325395e-01
9.809986983344325395e-01
9.809986983344325395e-01
9.809986983344325395e-01
9.824022243858460124e-01
9.838008257844474969e-01
9.844587205212895764e-01
9.847965583591273830e-01
9.854544530959694626e-01
9.861123478328115421e-01
9.867926199416551247e-01
9.882010706458803639e-01
9.882010706458803639e-01
9.888860021527298150e-01
9.888860021527298150e-01
9.888860021527298150e-01
9.892381148287860970e-01
9.892381148287860970e-01
9.899047814954526903e-01
9.899047814954526903e-01
9.921138669676856647e-01
9.941802124087530945e-01
9.948468790754197988e-01
9.948468790754197988e-01
9.955047738122619894e-01
9.955047738122619894e-01
9.955047738122619894e-01
9.955047738122619894e-01
9.971540022209840481e-01
9.979581464901012833e-01
9.993377192982455526e-01
9.993377192982455526e-01
9.996710526315789602e-01
9.996710526315789602e-01
1.000000000000000000e+00
