6.491168260762023579e-01
7.617528419925838623e-01
8.018657892761462680e-01
8.248771885513981328e-01
8.421342030395668754e-01
8.561298300498483282e-01
8.655965489274496383e-01
8.749750189194959171e-01
8.824379308596596028e-01
8.882777757271439478e-01
8.955807894203555719e-01
8.989220283304482084e-01
9.023047981185730038e-01
9.058097235595887753e-01
9.101128427079636651e-01
9.168566092257297573e-01
9.188981556840936094e-01
9.253013504307595616e-01
9.283750742230176822e-01
9.313967779008315295e-01
9.334329977941943080e-01
9.348174952551504546e-01
9.358641863606879108e-01
9.393371996569879201e-01
9.410738097940004598e-01
9.424585565026907252e-01
9.424585565026907252e-01
9.433610508337565426e-01
9.447409518615449420e-01
9.453988465983871325e-01
9.477256355418125500e-01
9.477256355418125500e-01
9.490484974481117053e-01
9.493886335025335521e-01
9.493886335025335521e-01
9.507044229762178222e-01
9.534319498103261958e-01
9.541361751624387599e-01
9.571617382669493912e-01
9.591979581603121696e-01
9.618763452772535194e-01
9.618763452772535194e-01
9.649500921587839120e-01
9.649500921587839120e-01
9.669165739637067825e-01
9.679304528389771622e-01
9.687515700182431910e-01
9.700897368639287421e-01
9.709494056259483363e-01
9.723578563301737976e-01
9.737071248046869076e-01
9.750866976128310659e-01
9.770286462421406970e-01
9.777135777489899260e-01
9.804445019084855328e-01
9.804445019084855328e-01
9.804445019084855328e-01
9.819736217753660679e-01
9.819736217753660679e-01
9.819736217753660679e-01
9.819736217753660679e-01
9.819736217753660679e-01
9.830060065602660435e-01
9.845660972632138686e-01
9.852510287700632086e-01
9.866594794742885588e-01
9.873637048264012339e-01
9.873637048264012339e-01
9.887432776345453922e-01
9.887432776345453922e-01
9.887432776345453922e-01
9.887432776345453922e-01
9.890953903106017853e-01
9.911598946255952836e-01
9.911598946255952836e-01
9.911598946255952836e-01
9.911598946255952836e-01
9.918448261324446236e-01
9.925490514845571877e-01
9.925490514845571877e-01
9.925490514845571877e-01
9.925490514845571877e-01
9.939332836907073254e-01
9.953128564988515947e-01
9.953128564988515947e-01
9.959707512356935633e-01
9.959707512356935633e-01
9.966510233445372569e-01
9.966510233445372569e-01
9.966510233445372569e-01
9.966510233445372569e-01
9.972839347369422125e-01
9.972839347369422125e-01
9.979832354362428992e-01
9.983121828046639390e-01
9.993197278911564174e-01
9.993197278911564174e-01
9.993197278911564174e-01
1.000000000000000000e+00
1.000000000000000000e+00
1.000000000000000000e+00
1.000000000000000000e+00
